-98412
-29606
-12837
80270
-55981
-89762
-9906
-85625
-77472
7972
99919
-42801
-39560
13477
-70307
59975
-23623
24784
-9546
-28387
9182
99371
-47804
98514
-86742
-56551
50630
-55399
-56731
-23031
7668
-13609
-76828
-65407
81443
72436
31040
79765
2032
57941
-72323
-33176
-81888
48193
-92748
-63778
-76977
-53736
-56915
-12645
27945
19087
46439
-55802
81238
-90391
-92580
92478
-12905
-10276
-60597
-75866
40932
-84783
-63964
-21569
55092
-27893
-55193
-35534
59565
-29201
37572
67109
96552
75977
31710
-24132
5256
22582
-40207
-43
-24531
74198
63959
-67144
88859
-10503
-66839
-91918
34446
9746
24837
-37428
-78585
-18824
-65911
-97260
41012
-97633
10680
6540
-21278
-66381
47266
17339
7621
3022
-52144
-56845
38649
-29998
7332
-29808
14645
42624
-76821
89766
38391
-7107
-96473
-29972
74013
51348
-7602
-76130
38410
-83678
50758
88382
51340
-82409
38632
-23403
64922
-16506
9557
6474
11062
45178
81083
55583
83755
19501
69876
-91889
-29807
-61987
-87604
-20599
53551
90303
16900
-7075
801
23114
24015
-98017
-76448
23077
-82408
-84631
94585
61653
-90307
98509
5209
45791
76415
-89848
-25566
-83118
76288
96421
-92951
-51414
-26362
-49597
-77285
98730
27171
-34107
39453
-36467
40547
-27443
76908
54945
-48555
-59876
-47288
-47173
53957
-19918
29134
-36191
-7173
50420
67686
35705
-35331
-787
90021
-63299
82143
-18125
99843
84494
-4435
-90906
-39540
93432
-14464
-18639
-3321
-12869
-22815
85457
24575
92510
54175
-25463
-15039
-29126
-53768
3092
42688
-44366
70432
87616
-97804
26664
-73390
23211
3126
97188
99767
-89778
-22168
35140
-34020
-91529
-26923
90736
78452
-26455
-52695
27531
75372
-10841
24373
48583
-69177
-51751
-25691
-86370
-97158
37227
-18017
84300
-60085
25845
22382
-95230
-67405
-15806
-58840
-53478
88937
-95486
6636
-48084
-3047
-98741
19151
-31607
-20289
-733
-54156
-88533
-75764
6141
-88781
76206
9212
-83408
-99838
-33029
25688
37551
1464
41497
96158
-67588
-2926
-83469
-69263
24876
-36075
47911
-31325
-23559
-15938
24127
-7235
-38650
56334
24637
-9124
22632
-21757
-89738
-24723
8125
41133
-52386
97306
92773
-42058
6451
6209
82079
12556
-62399
-29352
85378
-35828
78034
-26169
51092
67184
-72507
-63261
34475
25620
56060
-7243
5021
-41481
-28452
87923
-57560
53110
-54269
-60234
-6651
-77297
12904
-67658
-90152
57635
17231
-66403
-30684
-33679
-92914
31278
-16282
-78546
30500
36748
-57045
-16034
94450
-45194
65432
-69925
1364
16207
-41269
18096
94684
-53844
-21244
-81404
-61293
-88627
27717
22920
-4825
-21406
-31932
24503
-50150
92473
62706
-96774
-19702
59292
69247
-16426
60591
-62521
70384
52429
21332
83610
-21936
7304
78026
-73917
-76837
-19237
98791
75002
-36200
73803
29138
-85960
-26490
44477
-43539
-85003
24731
35149
50803
-12633
36002
-94919
86637
58611
27372
-13248
-33225
-70801
59102
8424
35411
-97127
49352
34033
-91989
-58689
50627
28311
-92329
44619
-50111
37626
11985
-83410
64513
88958
-62536
14385
67351
19505
45854
95221
66760
-5831
41200
-62069
58406
6849
39723
-28309
-96697
-81154
78443
98655
-17132
-87339
34932
6570
97701
-11561
11786
30776
-35420
-72613
23819
38180
-33910
32471
-99841
86800
-63188
55447
-67952
-50481
10929
-34526
54118
-26101
46395
-46820
49150
91555
91869
4579
4197
-38412
-13199
74259
68385
-37728
-54918
29666
-68162
-33206
16433
-14861
72808
68840
-41368
-8986
51406
-92869
-94925
-6290
-69218
-18047
-66952
96830
12167
67586
-97132
46838
-54396
21542
25480
-17802
61680
25840
-27950
15389
68926
55749
13431
-16473
92809
69907
-43686
-93135
-81000
-72897
9437
23292
38666
57950
-24352
-30625
52337
84130
37226
93036
-80357
-46212
18137
23013
67072
-73343
-6971
81035
-6082
91991
-62455
28990
-53085
69208
-25755
-73505
-23284
15876
77230
26348
-11891
28920
10777
89410
-35990
47768
-61310
76931
14499
76904
53490
-10498
-10020
-94771
-65143
30340
-96233
-21503
-2233
-43539
38637
-39639
6628
25806
-44073
-2678
41892
-72734
-72659
5764
18418
72491
15990
