-590472
-768108
-845130
-265098
609566
143867
659859
-1212497
-1267659
-1105804
251048
2379185
1757478
1191817
-1133477
91856
-439355
-65645
1806751
317705
452962
-672210
360468
1200139
271419
-458610
-447987
-2211407
-563903
-462291
-33959
687449
-806896
-1810
-345741
1178279
1612562
1881568
1790714
1441268
-693293
-2286515
-1812590
-1467483
-339624
-1399829
-204681
-1063903
-469609
-593674
442080
1899758
2256638
1649759
579305
236206
-1378395
47091
-1148037
1036753
568602
-754534
284772
-1714546
-659111
-559907
679270
1756633
-243707
524775
243226
424241
525823
798905
1906764
2612453
1034792
-86576
-645665
-1173086
-1702769
-1427960
-393500
142849
794192
-246339
901505
-54235
-610636
-1090360
-2288516
-220527
32537
1097694
-88032
12010
-952813
-2326744
-567832
-144047
1340572
984942
136769
959869
127458
830340
401494
1128478
398957
-475017
-148489
-1130453
-126987
597346
757064
785849
-499307
527514
439208
557318
724784
-1692291
-237865
-606108
719379
579841
465121
-115907
-1731022
-181763
591006
2569722
736053
-769010
-1246455
-409487
-198301
825543
443432
163530
-305313
631612
1966742
753130
613783
-1186188
-1880971
-2087973
-3019194
-1139931
-833470
1250129
2247466
1667064
1086083
-737125
-370472
-1515584
-997978
-247675
-1170379
-1094575
-263008
962206
1727021
1857447
409781
439624
1510646
-870694
-74627
-1113712
-1172441
-333716
-604000
2067246
-546597
-1198129
-1745562
-1520970
1401301
1822185
2572298
-430046
-323883
-87037
-342993
1211773
411438
883070
-1941745
-1903496
-869899
-778508
1260834
1358314
641308
208997
-535766
1096859
915346
581629
369248
-1338815
-55701
-201463
628661
1904725
-428835
63482
-1742565
-1054469
-1400535
-883220
1120924
-77161
532465
-920138
-405079
1398846
2452088
768347
-305294
-1607439
-1991796
-1568982
-648335
405619
924134
1468323
-84216
365261
-1158189
-1295578
-171830
-212410
2357027
842337
1339440
-1097291
-2429965
-918381
-1795092
571999
1232320
1424026
518624
-91120
444971
-630815
-456541
867836
745686
-219613
-2199459
-2534434
-1188059
-467014
-102382
1271098
1830231
1017022
1154755
-858554
-582719
-1759556
-847361
121644
173375
686749
771393
996356
-891976
-163396
-662685
444205
-142949
1319602
100079
-481654
-362141
-1086698
-574621
433653
1967593
742354
1159232
-1264106
-868764
-86842
1237562
2398668
2342778
1335663
-638545
-1589090
-1915586
-459182
-1436423
689040
1081085
884542
703224
-1145487
343207
-434398
955965
889719
324751
810664
-572052
-404511
-981133
-1273800
-419980
525052
1544382
1749265
778508
993462
-989699
-321680
368205
-783075
-99637
-482924
-139799
-409041
-55289
885426
1539429
-987991
-902297
-1272895
-626663
481062
57447
1210937
298475
-742326
-882237
-1432852
943402
952492
-839438
-66827
-2418431
-399018
-528295
-299458
1047194
-436847
1051280
390835
58467
-241619
-624396
-307135
-160026
1576285
1029644
229137
343504
657820
381334
1024899
502718
-748842
457008
-1131198
-9465
91558
935830
863869
-1145609
-1442066
-1955458
-1383319
223684
1006585
2284530
721833
-82841
-355352
-94783
1296001
646732
1398221
-768025
-453283
244815
600350
825047
241297
410600
-1441188
925579
726144
554407
-273148
-1890873
-899283
-1747498
-472061
519569
605466
1957708
793943
-278519
-1278896
-2494137
-593316
-30533
-129786
-347105
665220
1257255
433064
234643
234325
-51875
-744659
1573980
298028
-542691
-1397881
-1475551
49619
548211
1023413
220422
-1510663
-550244
-811140
310713
565155
5289
58719
108464
1089831
-1386730
766067
963289
583849
512031
-51383
736165
408027
580904
768988
929189
639184
-1549624
-1688860
-592925
-928132
264889
-840669
-916236
-1854262
-556724
929969
1250775
1416003
-459161
-490673
-430696
491230
2185280
20441
-1413523
-2139760
-686667
528496
615427
-15020
-91115
-50823
-776977
393742
-865437
1097800
-1528324
171388
462097
672740
1700935
-527289
1311254
47240
1905029
844210
-291301
-1319645
-1659645
-589484
266996
1016533
-150668
-1683323
-1980693
-920128
-430597
1772988
1523484
600581
589751
31414
-1010124
-1813815
-1264961
-1413766
-235167
-140631
411962
1571473
1819704
1462727
-385518
359500
-1217241
-43988
-400339
1665411
1123108
-170283
260090
-697498
891514
185419
540905
371753
215094
-243792
-1093797
-1981754
-2073511
-2066938
-1237043
899457
2865472
2245888
395892
-623100
-383606
689322
1580925
1020010
-307716
-1192922
-2536336
-481118
61076
966501
827191
-878740
571998
-587564
741744
430678
-1468680
-331604
-1703111
712072
-723761
-1015
770682
457722
1833244
106958
418910
-939474
-15930
498985
-373842
113179
-856064
1393009
376104
575250
-1544142
-2745078
-1577035
-2170012
295099
169374
237559
993510
-232035
556957
929025
211940
681946
-323690
121093
-258489
-710354
-372337
528986
1313556
