-33487
-10331
46128
-74651
-89349
35701
-9876
-98924
40965
-62339
-47489
31745
-59969
-98093
71946
-47538
77756
-92142
24059
-23289
35425
42121
-71036
78417
-83458
44230
79937
94899
-27778
-50227
-47850
-19250
-72352
2616
-8937
47370
-28314
41877
-7627
-15943
-31799
84294
30281
-38171
83171
48660
84617
-43172
-11045
25293
49101
-80157
-84861
7132
-22255
88438
-74572
79652
43585
40089
70994
-51330
64384
3876
34681
-46466
93920
-95477
-87488
-90608
78165
97880
87187
42064
11378
28737
51501
-70387
69087
-10574
-40828
5432
5424
-14016
-72451
37188
-57044
-74763
92245
29243
-40485
-7730
-3418
72903
18306
-98539
-40268
93553
89862
-88727
97557
-61707
-51737
26373
-52992
89934
-72643
-59163
9298
50929
69845
26856
72963
-62294
-87484
-8918
-8140
30697
40032
11135
21013
36973
-93778
78339
-39429
81567
67465
-58175
-87591
-54008
-28337
10394
7329
-14148
-2500
61990
4232
-62902
16179
-76004
-1916
62727
65161
-90805
-41985
-43162
-37907
-86309
-62018
7366
68959
-34512
-59418
34950
47326
-14237
-68138
39744
47684
81408
-31853
-25607
16210
1898
32458
19152
-46828
-26682
25793
-39432
73412
85457
-19208
64950
60768
-67735
-56229
-31955
-80811
56285
-39771
63177
37200
-28129
60866
-14434
-18244
32744
-30054
929
-77419
-1764
-78278
-59249
66163
-86578
10367
19448
-27868
5385
-92320
-78010
-23423
65385
-15781
36389
64813
-1061
-69122
3826
-46313
-95505
-79190
3438
-36961
29888
-42770
-11910
-86110
-60729
91513
-17123
15370
-37386
-20101
77678
8434
-48758
-69212
-73696
97673
73535
73379
79960
-30607
18298
57123
-23698
-94243
-81045
47673
64365
-21114
14071
1295
-94597
-33925
-41977
6329
-57160
-29986
60881
-37675
23334
71206
-82011
-42165
99445
-81424
35220
-76012
2187
-74910
-27098
-43324
-86760
87830
68996
51947
-4460
-35120
-71855
-40181
-38645
7568
11636
-95487
20098
98735
-96764
-60583
-84209
6621
-58468
26051
-67464
-83163
32971
32001
85247
57945
90858
34585
76271
80518
-24232
-45357
63380
-8250
-62004
