-200922
-262908
13860
-400559
-524478
-332889
-701101
-310036
242099
-178986
202603
676881
-831613
-188506
629937
138435
758603
767142
644150
734974
-594702
1066051
-839317
1509395
370486
-835783
906772
-464428
2481670
-29427
-307837
-2169445
-2499673
-1197256
-519809
1623817
1313243
485403
379605
-62831
107455
-310896
435925
602248
1110076
526682
704045
567378
-966373
-112662
-1039023
-647872
-1828498
-746285
-668296
-152774
3067
796848
2378349
454782
1340710
-1015546
861088
63581
-1013519
-72954
-1005785
484266
-1746546
-1412359
-2118677
349127
1782137
2957377
2417652
1025032
-566757
-2743241
-684078
-141268
-98556
-131234
-1469308
-357129
-672359
-320790
-425650
-996354
865254
-358238
1182237
1264066
-216209
415956
60098
-223387
-353220
43831
570357
-344948
1026456
851662
-538293
-515974
-3035952
495390
733918
159145
192919
-1325675
1512578
225461
2129148
1383627
-979574
-1397778
-3180328
-313100
891433
1355621
1694179
563101
-745262
-962172
-598778
170034
1449991
-108310
589697
-1832908
-2093709
-1588572
-687172
1563791
1240193
1634627
92237
-605607
139336
-601710
-557120
-15851
138056
1291190
525707
-443456
-2053541
-1590748
-1338950
-32004
1520087
1409879
683288
593240
796441
297929
-214195
67613
845228
953733
599329
-202634
669984
-617866
-822102
-690782
164494
766846
-544829
-1117791
-411061
1098150
1164761
1769944
571533
-644775
-1027501
-1891270
-2007136
-923535
-286784
628489
1830506
942347
1204063
-803699
-106595
80225
-920030
445344
-1000171
-527076
-957797
-1507623
453305
-819798
1072737
1128437
-159596
1305272
-907268
-458541
-895696
-383892
851492
928441
2757975
1214213
318816
-915891
-1682009
-1231704
-1052880
-1047293
-419952
933895
877543
575082
622178
-714909
-195279
-217739
1657228
1716998
132165
1057739
-834204
140780
-108378
-636954
-97385
-722641
1406741
3004043
1970297
1047566
-1445417
-2133457
-1233322
-1396618
-610705
-694200
11872
1131842
898380
257707
-1149523
-2500869
-1068564
518396
493401
994554
136896
1108332
882505
-85334
803583
-176789
-899586
221009
-21207
-442138
-79515
-1415835
-328378
-1549539
1313215
1200087
1287184
2863211
335176
79070
-2261661
-2048580
-1285023
580566
1085133
587041
583021
-367808
257332
-841173
-854830
-426662
-665203
633666
217207
1585259
-400289
517190
2399576
2470659
2693148
664662
562805
-1237118
-659472
-766063
-1577900
-1221538
