-90777
-14684
-55450
-4692
-29455
-76469
75175
14920
-30373
98989
59924
-60907
-23407
-97513
-77867
-26011
-97749
-10777
-33994
-88973
98156
28137
78053
43307
-49418
39964
35946
69593
-38860
4648
65097
-12396
86584
-32106
-32064
-43886
57882
66905
17401
91708
-16407
-6984
91036
32048
80009
67469
5351
78307
55272
30971
63033
17271
-7084
31992
55097
-23256
13429
-33477
28863
-49010
-24518
-92091
96286
-51610
17483
43280
29842
-22390
49158
57769
-19474
55683
81421
-17059
69857
-24113
-55696
-19230
38113
-36337
-29927
34723
57149
-78682
56682
67996
20489
37564
-45647
-19309
-89561
-76117
-56136
-97369
-15354
-17850
37966
10523
30928
6503
