272331
861045
480060
814825
-531448
901188
-267740
94689
-1175804
-1630820
-1357148
-1110199
601037
-452663
2191024
883488
1812854
888485
293632
3060188
-2182239
-2550430
-2130996
-3733200
-2848757
124661
-895533
-2776401
-547944
1448700
2893530
708694
-1452416
2080210
-1377219
-78524
1935794
-3868313
-1541809
-3314766
1302830
-1297595
-157505
-887125
-2243920
2372306
133802
1455206
803946
691547
-39555
-744324
3286302
1139753
1123148
432510
555577
1270128
1968542
-178956
2399339
-612293
2706368
1244433
1240914
-1549477
2508118
-396787
797561
29592
845609
1327037
711630
829559
576671
2218451
100896
1547577
3232116
-2699354
2184803
275169
1836348
-4516590
2044071
-2143717
-852939
-1468303
1406528
-119566
2508695
2192802
1595280
1575765
2833642
2342220
-760259
-535386
-402812
-4085492
